A	A,A	-0.663142	-0.030635	-0.598755	0.223931	0.223931	0.00012189
A	2,2	-0.660049	-0.258901	-1.320098	-0.441608	-0.434211	0.00024379
A	3,3	-0.660147	-0.333963	-1.298180	-0.480539	-0.470279	0.00024379
A	4,4	-0.655759	-0.208972	-0.796495	-0.576512	-0.562934	0.00024379
A	5,5	-0.653287	0.090561	0.055149	-0.714734	-0.697709	0.00024379
A	6,6	-0.617010	-0.386204	-0.834602	-0.657391	-0.638018	0.00024379
A	7,7	-0.630502	-0.494721	-1.029343	-0.610436	-0.597411	0.00024379
A	8,8	-0.643532	-0.494905	-0.989811	-0.323759	-0.316498	0.00024379
A	9,9	-0.055174	-0.624843	-1.249686	-0.070608	-0.069038	0.00024379
A	10,10	0.650097	-0.883183	-1.766366	-0.408696	-0.408696	0.00517130
2	A,A	-0.274327	0.094777	-0.019360	0.565704	0.565704	0.00036199
2	2,2	-0.290803	-0.113174	-0.581605	-0.128956	-0.035789	0.00018100
2	3,3	-0.294866	-0.152948	-0.567470	-0.200303	-0.107639	0.00036199
2	4,4	-0.290133	-0.012616	-0.184577	-0.255913	-0.161808	0.00036199
2	5,5	-0.255915	0.223862	0.446442	-0.267488	-0.206910	0.00036199
2	6,6	-0.261714	-0.252671	-0.505342	-0.211108	-0.104559	0.00036199
2	7,7	-0.268309	-0.406388	-0.812776	-0.148796	-0.047919	0.00036199
2	8,8	-0.274814	-0.454093	-0.908186	0.044815	0.123747	0.00036199
2	9,9	0.137057	-0.627497	-1.254994	0.175980	0.211065	0.00036199
2	10,10	0.627226	-0.846661	-1.693322	0.062075	0.062075	0.00723982
3	A,A	-0.232311	0.120586	0.054882	0.612856	0.612856	0.00036199
3	2,2	-0.250722	-0.081767	-0.501443	-0.068689	0.039858	0.00036199
3	3,3	-0.246186	-0.118136	-0.472052	-0.127153	-0.022805	0.00018100
3	4,4	-0.213730	0.028836	-0.082465	-0.131818	-0.015657	0.00036199
3	5,5	-0.206172	0.254782	0.509564	-0.176326	-0.102942	0.00036199
3	6,6	-0.211033	-0.222134	-0.444267	-0.120497	0.008941	0.00036199
3	7,7	-0.219400	-0.388265	-0.776530	-0.062670	0.056070	0.00036199
3	8,8	-0.228354	-0.449931	-0.899863	0.111595	0.198718	0.00036199
3	9,9	0.122553	-0.638281	-1.276562	0.174122	0.218237	0.00036199
3	10,10	0.636134	-0.846301	-1.692602	0.152111	0.152111	0.00723982
4	A,A	-0.178249	0.145730	0.136650	0.668582	0.668582	0.00036199
4	2,2	-0.191999	-0.034842	-0.383998	0.006268	0.131291	0.00036199
4	3,3	-0.159691	-0.047439	-0.302167	0.016377	0.154244	0.00036199
4	4,4	-0.151694	0.097855	0.044128	-0.017034	0.125183	0.00018100
4	5,5	-0.146291	0.294911	0.589822	-0.064209	0.026796	0.00036199
4	6,6	-0.151883	-0.190113	-0.380227	-0.012894	0.140454	0.00036199
4	7,7	-0.163937	-0.368803	-0.737605	0.034983	0.187843	0.00036199
4	8,8	-0.215266	-0.461146	-0.922291	0.132831	0.230561	0.00036199
4	9,9	0.166978	-0.597001	-1.194002	0.258432	0.308760	0.00036199
4	10,10	0.644848	-0.846273	-1.692545	0.257708	0.257708	0.00723982
5	A,A	-0.130086	0.182014	0.215727	0.732160	0.732160	0.00036199
5	2,2	-0.107014	0.035944	-0.214028	0.137126	0.300407	0.00036199
5	3,3	-0.101455	0.008318	-0.183982	0.128780	0.304545	0.00036199
5	4,4	-0.094897	0.153926	0.162314	0.091925	0.266161	0.00036199
5	5,5	-0.090048	0.347346	0.694691	0.057835	0.185562	0.00018100
5	6,6	-0.102166	-0.162360	-0.324720	0.086307	0.277969	0.00036199
5	7,7	-0.155509	-0.370327	-0.740653	0.055550	0.223685	0.00036199
5	8,8	-0.165443	-0.452874	-0.905749	0.217988	0.329648	0.00036199
5	9,9	0.202893	-0.590310	-1.180620	0.349438	0.406878	0.00036199
5	10,10	0.673675	-0.845597	-1.691194	0.373953	0.373953	0.00723982
6	A,A	-0.103505	0.199607	0.247914	0.758276	0.758276	0.00036199
6	2,2	-0.124502	0.032055	-0.249003	0.135806	0.306525	0.00036199
6	3,3	-0.118893	0.013896	-0.214511	0.123137	0.302028	0.00036199
6	4,4	-0.114034	0.175290	0.193184	0.077621	0.250343	0.00036199
6	5,5	-0.111669	0.361823	0.723645	0.031578	0.155292	0.00036199
6	6,6	-0.165187	-0.193568	-0.387137	-0.003913	0.169401	0.00018100
6	7,7	-0.174225	-0.366941	-0.733882	0.072477	0.243170	0.00036199
6	8,8	-0.178171	-0.396692	-0.793384	0.269350	0.385156	0.00036199
6	9,9	0.265195	-0.586713	-1.173426	0.365645	0.423942	0.00036199
6	10,10	0.697403	-0.845027	-1.690053	0.392186	0.392186	0.00723982
7	A,A	-0.452479	0.158489	-0.136975	0.540712	0.540712	0.00036199
7	2,2	-0.471027	-0.091472	-0.942054	-0.050453	0.016482	0.00036199
7	3,3	-0.467213	-0.164040	-0.871217	-0.107550	-0.041923	0.00036199
7	4,4	-0.462717	0.111349	-0.108353	-0.252865	-0.178019	0.00036199
7	5,5	-0.484469	0.279059	0.466340	-0.352877	-0.310701	0.00036199
7	6,6	-0.493437	-0.264854	-0.598513	-0.267925	-0.192858	0.00036199
7	7,7	-0.501956	-0.389227	-0.823012	-0.110429	-0.051412	0.00018100
7	8,8	-0.502514	-0.373561	-0.747122	0.251647	0.303621	0.00036199
7	9,9	0.401060	-0.566049	-1.132097	0.335235	0.358752	0.00036199
7	10,10	0.764677	-0.843026	-1.686052	0.217946	0.217946	0.00723982
8	A,A	-0.499700	0.093060	-0.295648	0.406468	0.406468	0.00036199
8	2,2	-0.514917	-0.140878	-1.029833	-0.218289	-0.178911	0.00036199
8	3,3	-0.510419	-0.230703	-0.999660	-0.264924	-0.221195	0.00036199
8	4,4	-0.529261	-0.054359	-0.447062	-0.369395	-0.322222	0.00036199
8	5,5	-0.530853	0.207838	0.322885	-0.509576	-0.481765	0.00036199
8	6,6	-0.535771	-0.321707	-0.711353	-0.418848	-0.369478	0.00036199
8	7,7	-0.539340	-0.407893	-0.857865	-0.422623	-0.380884	0.00036199
8	8,8	-0.551276	-0.426315	-0.852630	-0.087081	-0.059689	0.00018100
8	9,9	0.064518	-0.566265	-1.132529	0.190184	0.207350	0.00036199
8	10,10	0.783251	-0.842727	-1.685455	-0.048882	-0.048882	0.00723982
9	A,A	-0.510996	-0.002488	-0.420608	0.289770	0.289770	0.00036199
9	2,2	-0.523455	-0.221986	-1.046910	-0.395441	-0.368892	0.00036199
9	3,3	-0.542453	-0.309366	-1.065288	-0.424234	-0.400308	0.00036199
9	4,4	-0.542638	-0.204341	-0.701087	-0.514284	-0.488027	0.00036199
9	5,5	-0.540668	0.120345	0.174553	-0.667997	-0.649823	0.00036199
9	6,6	-0.548502	-0.386242	-0.817364	-0.584405	-0.556836	0.00036199
9	7,7	-0.555391	-0.474654	-0.978238	-0.569340	-0.548789	0.00036199
9	8,8	-0.516426	-0.487124	-0.974248	-0.427146	-0.401442	0.00036199
9	9,9	-0.196372	-0.594732	-1.189465	-0.108930	-0.099162	0.00018100
9	10,10	0.743970	-0.842055	-1.684111	-0.338563	-0.338563	0.00723982
10	A,A	-0.530674	-0.046842	-0.468319	0.194251	0.194251	0.00138886
10	2,2	-0.547137	-0.275101	-1.094274	-0.474492	-0.465966	0.00132976
10	3,3	-0.545672	-0.343585	-1.071267	-0.516190	-0.505094	0.00132976
10	4,4	-0.547191	-0.241025	-0.738996	-0.598618	-0.586290	0.00132976
10	5,5	-0.545139	0.038319	0.018006	-0.734630	-0.722816	0.00132976
10	6,6	-0.552167	-0.386149	-0.803852	-0.669574	-0.658131	0.00132976
10	7,7	-0.509739	-0.514818	-1.034724	-0.633557	-0.619017	0.00132976
10	8,8	-0.518291	-0.511755	-1.023510	-0.457453	-0.446436	0.00132976
10	9,9	-0.133285	-0.624465	-1.248929	-0.277030	-0.271554	0.00132976
10	10,10	0.583154	-0.836969	-1.673938	-0.405482	-0.405482	0.02327085